-1.071786131863928793e+00
-6.625059749207226067e-01
-5.479439488839932260e-01
3.892804143679814421e-01
-1.268638762593890190e+00
-3.306428610768313292e-01
-3.361531317206722935e-01
5.353595414280942766e-01
-1.225702015152440261e+00
-1.079315218414622191e+00
1.138582309168514328e-01
-6.544528105785021310e-01
-8.942783108200104136e-01
1.053939480479448854e-02
4.686460008490932472e-01
-3.486487439663115695e-01
-3.797761255319141438e-01
8.757660844771111286e-01
-8.379714353010137007e-02
-1.433552238375625842e+00
-1.486873951219950474e+00
-1.365518380617475103e+00
5.649097227900610196e-01
6.444262229019710464e-01
1.243611748282026364e-01
-1.109802539787865694e+00
-1.127736784183498431e+00
-2.154248005585935877e-01
-5.713212205677333788e-01
-7.908329721612903374e-01
-5.941416262618129940e-01
-9.257748455740417715e-01
-1.619874824153147985e-01
-3.948012811125083954e-01
-8.655982827856079087e-01
1.158736661415363800e-01
-1.395705460663561048e+00
-1.582554784611940102e+00
-4.487965918343228000e-01
-1.984912093421167922e+00
7.306268715056867258e-01
-1.490288519780889054e+00
4.382635368137685061e-01
-1.024786469603314210e+00
1.042679456962934958e-01
-3.978965072907225675e-02
-1.414349677976825870e+00
-7.979783692294268871e-01
-4.385689225603965347e-01
-1.557557906183555607e+00
-1.187274654233041016e+00
-8.406085710172527259e-01
-1.482005535134085950e+00
-1.516285503795429035e+00
-1.628923132831119780e+00
-2.267602452315697903e-01
1.017706801620826607e+00
-1.582916717105264492e+00
-2.607058670787084642e-01
5.580061007027603548e-02
-6.991912956505429433e-01
1.809753797282427357e+00
2.764785272004987027e-01
-1.036082713219740326e-01
-7.366405166215868050e-01
-1.957610266851463887e+00
-6.709961117609340997e-01
-8.210005662552277705e-01
-4.327972172387462568e-01
-6.174024447114822012e-01
-2.204523140886129440e+00
-6.122047622611397344e-01
-1.208128633830420906e+00
5.134600447210260210e-01
4.074826992314093399e-01
1.157373336950982212e+00
8.302142835731318726e-02
-1.761538979295881102e+00
1.199057426307521768e+00
-1.028225058668811087e+00
-1.718322311206612385e+00
-1.258568320933271867e+00
1.996543892725500813e-01
-3.755311173385774692e-01
-4.375313505796060154e-01
-1.938525228993806193e+00
-2.011198092399941295e+00
-1.882187947247719872e+00
5.098854292497989604e-02
-9.119975972054263913e-01
-1.836797779938657893e+00
3.106678295037321735e-01
-4.724144608105385057e-02
5.724757821586945461e-01
3.002164225903964923e-01
-5.670273174582539655e-01
-1.401714827386686402e+00
5.268740969410028452e-01
9.154011485340440846e-02
1.126686005905275234e+00
-4.429266885182852609e-01
-1.329383952526852486e+00
-1.079778772133884512e+00
-6.166283097488415299e-01
7.372912810944975970e-01
-1.400586279736413253e-01
1.276717936422324673e-01
-9.979637942781889315e-01
-1.131684936029791144e+00
-1.626132665682876288e+00
4.025395766082719984e-01
-6.371007483653006176e-01
-5.939140492077993327e-01
-1.654141809125277529e+00
1.133775094168787634e+00
-6.323605466398587449e-01
-8.195579527630169059e-01
-1.735539677286026761e+00
1.651702682162770053e-01
-6.696027729951894436e-01
-4.060683110069457369e-02
-7.295233898699934327e-01
-1.181514333425135010e+00
1.368172697150882078e+00
-4.729463859745611232e-01
2.847019951555771478e-01
6.200597159418149706e-01
1.689293825850748609e+00
4.494291541989495764e-01
-1.619596301498989810e+00
1.993233779567955333e+00
-4.567646442338948454e-01
6.502867286500005894e-01
-5.360862662473377949e-01
8.182251131520666965e-01
7.471662688834794785e-01
6.875644474716866572e-01
8.264177973933384269e-01
6.274402325334385022e-01
2.170208607892197161e+00
8.498164282526203817e-01
7.413514789305609698e-01
1.407424651613403910e+00
-2.036320424620752245e-02
4.853221747246465601e-01
8.723901611426317926e-01
-6.752461432297562904e-02
-5.861832803110029744e-01
6.231988466511512170e-02
-2.394066387267861362e-01
-4.328597509496900919e-02
1.636666976959350039e-01
-6.778930462896197717e-01
2.174165711072516771e+00
1.961236597452078456e+00
-1.325500318884845763e-01
7.023385292062053198e-01
4.965066534866585113e-01
2.440544069012035022e-01
-2.251755045574285186e-01
-8.691584501086069281e-01
1.267567098161686001e+00
1.810990298293728040e+00
-6.828519960330239336e-01
-6.632275193567198635e-01
-1.825594188300593279e-01
2.246913177064580935e+00
1.664667225467109324e+00
1.250717733601885762e+00
4.028096735885117741e-01
7.571885905184385646e-01
-3.173843037656052246e-01
8.128658684508518473e-01
1.041599194519598148e+00
4.354201289464240121e-01
-3.194734250991454472e-01
7.329349432383254204e-01
1.756932724759756592e+00
8.739329699179663180e-01
-8.217743190739867920e-01
1.518698390961732647e+00
-1.699634002884530037e+00
5.865576770328506662e-01
4.130703049469851007e-01
1.495401264264745844e+00
1.604788295297799205e+00
5.248801141643933965e-01
-9.212907457913752651e-01
4.057338996426809730e-01
9.573229675150756179e-01
-2.831935799886611260e-01
-4.472511766586850790e-01
1.458582936854186940e+00
7.897685709632846773e-01
-3.950571120409283044e-01
7.594931054969771278e-01
3.712977950408633543e-01
1.358945806604995976e+00
3.122792108468606997e+00
-1.009991143432233951e-01
9.182841120881048980e-01
8.614308549031429729e-01
9.431692005424835434e-01
5.801175496287035438e-01
-9.815619985913754952e-01
-9.830662554726268265e-01
5.456607809173990020e-01
1.163672286090819963e+00
1.044743332550248871e+00
5.602454793173358150e-01
-1.507515113559492193e-01
1.319810188808184570e+00
2.567427806689512870e+00
5.870502606339261797e-01
1.299327550299606671e+00
5.148924984842273567e-01
6.966472769548250898e-01
1.513807713315228121e+00
1.610024005552694426e+00
8.457489825844156650e-01
1.655342795484617380e+00
1.829583548059016129e+00
5.300128914096183808e-01
3.784135344563567815e-01
-8.194279009673262060e-01
2.896705354935084631e-01
-2.986499431162308316e-01
1.038961622283412378e+00
6.729887923126834925e-01
1.002702133172671317e+00
1.718063724479898413e+00
-9.612766962093866052e-01
1.859899641129442838e+00
2.230664060883807975e-02
1.068612717228434095e+00
2.385411625502880550e+00
-8.897778986630950904e-01
-2.079017041659064757e-01
1.261837035355634518e+00
-4.517723693706927612e-01
7.608444992033972509e-01
1.275129122573319229e+00
4.833459563461147135e-01
3.384530130643462975e+00
1.475376069089797904e+00
-1.786969899158926012e+00
5.788873024107950016e-01
1.753874431144688995e+00
7.296932740857258182e-01
4.943147598579845092e-01
-6.547685931555963235e-02
-1.561130782313044918e-01
-1.020599902131816172e+00
-9.733360500792509473e-01
4.553189033373562511e-01
-1.631231947173976016e+00
-7.830645664356253866e-01
2.664547494278829420e-01
-8.992399630757852425e-01
9.531363344285443961e-01
-8.149317429804669999e-01
-3.730318297047897635e-01
5.540866820847474283e-01
-1.540698939321438976e+00
1.236641204425241058e+00
-9.580237861287064227e-01
-7.765647962945545490e-01
-8.024616876769461449e-01
-1.671690482641881248e+00
-1.063805079855216773e-01
-4.072501770120124931e-01
2.911569676053349376e-02
1.443990398772428962e+00
-9.783367283495025823e-01
-1.012755349151352791e+00
-8.113463369338338449e-01
-7.745634786829720397e-01
5.652388375888026673e-01
-1.106401791561456793e+00
-7.792954826038438476e-01
7.587458532728261762e-01
-3.729742163144844080e-01
5.069808114303226976e-01
3.846311953950887208e-02
1.513840971203646912e+00
1.517199220225170508e-01
2.283572273087156601e-01
7.332564823685949751e-02
-8.153099961829115561e-01
-6.817170159014076525e-01
-2.194314581654646990e+00
-1.537048792990949986e+00
9.437443789887633994e-02
2.123943612817870141e-01
5.637532323010880919e-01
-9.958299336745650709e-01
-5.040643746369875000e-01
-7.925557788626116373e-01
-1.219408692955836759e-01
-1.029223026752732029e+00
6.138509412687054301e-02
-1.161934617153942972e-01
-1.767084281908718024e+00
-5.756997193020193526e-01
-2.100451248705092477e-01
4.117942236878056050e-01
5.205929652316474421e-01
-1.030616945676676277e+00
-1.538711510882100564e+00
-1.329761926131556304e-01
-2.233754581555811747e+00
-2.209751856714864626e+00
-2.232814451587286975e+00
1.667068965940009528e-01
-3.337735417293670181e-01
-2.945821573304269192e-02
-5.562509618665447686e-01
-1.662224924338645993e+00
-8.299464334431132517e-01
-1.513246161419043556e+00
-2.770142902085073189e-01
-7.498321265327624330e-01
2.734057078629817950e-01
-8.492989432908926162e-02
-3.971584828773748743e-01
-1.068909970634623896e+00
-2.711232626427708237e+00
-5.050096493537560294e-01
-1.904788764773349241e+00
7.653149143163395784e-03
-4.160237575886714945e-01
-3.375735653169441575e-01
-7.774166679198013519e-02
-1.737646052967342536e+00
1.176496228531866972e-01
1.283490434887970766e+00
-5.649975763840967558e-01
-1.673292084329704332e+00
-2.558456849546729694e-01
-1.175809102090062508e+00
-1.087853010936691067e+00
-3.755594940281754557e-01
1.977090815059245887e-01
-1.199347151474028372e+00
-7.353663498145928124e-01
-7.669581678607648723e-01
5.485046549381182857e-01
-1.196621383933840210e+00
7.353251716389086479e-02
2.217936330514361787e-01
-1.129534846687723082e-01
-9.018124774118778664e-01
-1.285212293501486469e-02
-6.871045748750016502e-01
-2.392184803148510452e-01
-1.093894204441837381e+00
-2.450896114486661226e+00
-6.639833634448548683e-01
-1.607348668296387784e-02
-2.060175904574373384e-01
-1.418140967580105993e-01
-1.174530388033943051e+00
-1.717914412024399207e+00
2.891178885946462662e-01
7.216475595173097446e-01
1.866892640700798633e+00
7.117216329525599683e-01
-9.400286254057573787e-01
-6.864281595975557648e-02
-1.116126873626381855e-01
-2.989863093445747744e+00
-7.348317804018633659e-01
-1.066095020536776961e+00
6.617739400861573085e-01
-1.486081706182677209e+00
-6.442531318976894017e-01
9.102455310722377124e-01
9.726987856300779445e-01
1.529013639673405311e+00
1.141775586616569527e+00
2.840764376771930944e-01
-6.463236753823484726e-01
2.787069277692473701e+00
2.386177418924654292e-01
3.559591812208051653e-02
1.298854486926618090e+00
-9.621459868881194755e-01
5.081191183661037947e-01
1.982667083819156462e+00
8.934704176666014019e-02
1.186012291519117801e+00
9.770920715744157992e-01
6.113747928422894606e-01
6.078112807132746154e-02
8.114219372300528477e-01
5.076172663215122727e-01
-9.451363280766833519e-01
-6.610558948138798296e-01
-4.564227775108595786e-01
2.737711968180698729e+00
1.684456159581751988e-01
1.070635166643390424e+00
-7.186531972820155989e-01
6.954883288414590581e-01
-6.165122377847784829e-01
-5.449844614043124480e-01
4.146920332408756682e-01
-1.018177550063552594e-01
1.446693054713169557e-01
1.709488080734240967e+00
-1.143354499051857598e+00
-4.012497876156922993e-01
2.006395440690049270e+00
2.821386137694505969e+00
7.460117267016752596e-02
1.904079909488084255e+00
3.158449577676092357e-02
1.245604378320421257e-01
-1.083323314344579513e+00
6.889111941422654262e-01
-1.957446321588862670e-02
-8.013599749865696342e-01
2.609207473521799603e-01
7.060566951013123038e-01
-9.388938577633909599e-02
7.818736631742296828e-01
-2.941669255037968611e-01
-1.527048951237687913e+00
1.993283182478877480e+00
6.132092915697044955e-01
6.651025190821875377e-01
1.027721185099333301e+00
1.800415639998745210e+00
1.535188739288454451e+00
9.524202401714501054e-01
2.587687578200724037e+00
1.521990274218625538e+00
1.306333730134568771e+00
-5.171320020877445689e-01
6.113092572630611787e-01
9.877031497281556494e-01
8.638743271293753967e-01
-1.425544419656593842e+00
-8.444423627160866364e-01
-4.304866411869093801e-01
1.816136665462184219e+00
8.509202568968743385e-02
-1.796549786894379164e+00
3.421343319165203734e-01
6.576446307987331430e-01
-2.091446746839515036e+00
1.830526532328153877e+00
1.500291434889211128e+00
1.007678151438799130e+00
1.664451935394055226e+00
8.221839167980016239e-01
-4.465511787693687840e-01
9.486746848959453082e-01
2.310498935510755025e+00
1.022976706317340501e+00
-5.366764988052876717e-01
-1.594383270716567269e-01
2.607986328969444934e-01
-2.626623277647092136e-01
5.076025549032280315e-01
1.250911462280438924e+00
4.946891034850963154e-01
1.141038220411421777e+00
-7.843349612331989018e-01
-1.852737470250430674e-01
-1.580682894936545901e-01
-4.180640190896482977e-01
1.498580524332426611e+00
1.513122377654124939e+00
3.811171804951198894e-01
2.588299914229923449e-01
5.794446959114007978e-01
1.175904150284572180e+00
-7.533036008311104759e-01
2.342507659301061640e+00
-2.959002757400635009e-01
6.413911111944029519e-01
9.171060726822081177e-01
4.821063320828091747e-01
1.178664340896905305e+00
5.879017080338880819e-01
6.740244991902609728e-01
1.030526507308182627e+00
-1.009827281122644971e+00
3.065560652665025865e-01
1.083030012442589562e+00
7.235054097701201226e-01
1.513336413352238230e+00
-8.660780673211916358e-01
4.580857836254854099e-01
1.328541808993667139e+00
-6.281175528155626964e-01
9.401895150915124955e-01
7.452358598288283398e-01
-1.067751360766417301e+00
