-4.903233420218236494e-01
4.943959027140077400e-01
5.794227552369763945e-01
9.842760240818603235e-01
6.306342849915685944e-01
-2.235195147492018697e-01
-1.459053218157633447e+00
-6.209039553932190619e-02
1.157546109350154451e+00
-1.022488154815487382e+00
1.064679030908772583e+00
-5.158443529105070091e-01
1.533861746553385697e+00
-3.935944815396666407e-01
3.385406208300680286e-01
4.281403927681588090e-02
1.235934791526869914e+00
-1.254089472898712865e+00
-2.799407590497900333e+00
4.068868091399485687e-01
3.188871797613780923e-01
-7.094833579220254371e-01
-9.010030466862744003e-01
-3.749307966223816013e-01
1.333733597911661795e+00
-4.965656195820108976e-01
-5.760163974753036431e-01
1.100080616465299865e+00
-1.531217377294881721e-01
1.392490189600761874e-01
1.522408801669308476e+00
1.970277587649690021e-01
-9.903666843085068283e-01
9.450153079413013968e-01
7.353499271983365837e-01
-2.563447415209735292e-01
3.690282613479602403e-01
-6.306672138917626125e-01
1.544577825357758227e+00
6.738329325823562144e-01
1.594682190448456272e+00
1.324064962732755646e+00
4.853596430466761147e-01
-1.909672228925633375e+00
2.455513454736402701e-01
6.412440377705520556e-01
-7.098163213702506080e-02
2.519751176755845035e-01
-1.137676990923726761e+00
-1.020736770950627204e+00
9.201846353452152183e-01
9.642498367860255493e-03
1.262985119273338563e+00
1.286767353860919005e+00
3.567424010800731571e-01
-7.472589358387086156e-01
-1.382419913000267453e+00
3.430903342783239163e-01
-3.926378168375624922e-01
2.010030692614215297e-01
-8.424633548628465141e-01
-1.429777478649882916e+00
2.035925172397610172e+00
4.576464210335166038e-01
1.121669316571742181e+00
3.039369738585950387e+00
9.677456505175331403e-01
7.071641580792108195e-02
-9.953714192056184462e-01
4.853553681004906806e-01
-2.613967395671811800e-01
-2.248204333606040536e-02
-9.503021292570467127e-01
-4.938134418272964732e-01
9.553706802447234359e-02
-1.668084049380946565e+00
-1.481306883455366652e-01
1.110114451387314682e+00
-1.145674155727945731e+00
5.112877012251537678e-01
-9.993581304777471308e-01
8.601638907356596864e-01
-7.958555314662495161e-02
2.369225152491951647e-01
6.260492139787761090e-01
-1.096148995476081023e+00
5.929417299057209156e-01
-1.249903682382933257e+00
-4.359530249855849138e-01
-1.131883567806184931e+00
5.874702878987242416e-01
-5.689061412543362506e-01
-2.173835474196069983e-01
2.129711051448455461e-01
6.747510986237345021e-01
5.927255869792238396e-01
1.348959858062762918e-01
4.880965801817022665e-01
6.950603399076970002e-01
-3.225037366882612111e-01
-7.417982246299461568e-01
-5.203098585881789084e-01
-5.016659776475266286e-01
-1.982157784151984847e+00
9.540082846543493922e-01
4.605146441966797566e-01
-3.597210419378359392e-01
-2.291863910544128247e-01
-7.865204597339139347e-01
3.934338205491218904e-02
5.405900823227167279e-02
-1.088635661058577009e+00
-1.799805444057799519e+00
5.044452538126422692e-01
-1.136711578992386285e+00
1.540242381409901329e+00
-1.249109791515605528e+00
-2.558586066213845434e-01
2.737310935497584419e-01
4.329287927536750180e-01
2.269536131452707939e-01
5.503824965232281263e-01
-3.211005217867776151e-01
9.534311308192497947e-01
-5.064198840557748715e-01
7.473618346712483929e-01
-1.386850769799383931e+00
-1.470227534151832938e+00
1.547410528834144428e+00
4.863263945198798011e-01
6.664162984623391850e-01
7.425807474386715568e-02
-1.036398967654627579e-01
-1.225671133016686953e+00
4.213591334679945288e-01
-2.428411652741090387e-01
-1.238967550621192126e+00
2.522488662578292185e-01
6.446697410778512438e-02
1.160465290863296639e+00
-5.829947052924454309e-02
-5.822507887107126745e-01
6.517577259879540064e-01
-2.219185522277540845e-01
-6.921436338115575237e-01
1.671740974736556362e-01
3.927549463933120988e-01
-9.789883479861685167e-01
7.164462298351470526e-01
9.076781763601485808e-01
1.745850264013442676e-01
5.998177411677936277e-01
-7.160036045220191658e-01
3.866592821676649305e-01
2.076441448910064658e+00
-2.015447155745359709e+00
-1.045345872084443573e-01
2.894045250838301331e-01
-7.673868380918345000e-01
-1.512752660799701721e+00
6.655128819365697668e-01
1.590929099869516472e+00
-5.159505504903332263e-01
-6.316801738050366044e-01
-3.409664267959388040e-01
1.045958950727047948e-01
-5.767041814501612240e-01
4.785977936543736044e-01
1.165910451642034884e+00
-1.008971866940704176e+00
7.104273996592893603e-01
2.001066899442040595e-02
3.978835233410693561e-01
1.325320447279018377e-01
-1.555021945348448176e-01
8.206877227205308656e-02
7.101185777399615651e-01
-6.083517534641079694e-01
1.597026996440353175e+00
-4.676844863633984328e-01
-8.915343953696152068e-01
1.042620607704948021e+00
1.522610177045194746e+00
8.542286498652978954e-01
7.839872058970981383e-01
-5.331738567712405175e-01
-4.547261819793776416e-01
1.620265350859299236e+00
1.133152398461258592e+00
2.252971735754964733e-01
-6.645295949709545402e-01
5.657279322515743614e-01
-4.947556142001212631e-01
-4.797322179744621384e-01
-1.718294570076825289e+00
-1.227862122815479573e+00
-1.485506151759408699e-01
-9.445495345652713537e-01
3.135870145125125297e-01
1.861405228146966850e+00
2.831902661237819044e-02
7.443835538991772083e-01
4.708684840778530334e-01
1.251992257869427583e+00
-2.785240590519577619e-01
-1.867729383115692698e+00
8.955045827200023290e-01
-1.322824582358997914e+00
-5.350480374955002283e-01
-5.978183880811029915e-01
-1.037905607460866131e+00
1.126165635787839125e+00
-2.651498758360275043e-01
1.573402334233780786e-01
-1.383088413832538111e+00
5.160321248356914969e-01
-2.786441514277063769e-01
-5.940217149443782763e-01
-6.823430980954763303e-01
-2.053822183626712317e-01
-8.686341643926525080e-01
5.523155446496769150e-02
1.073147664176023142e+00
-9.628906731042357059e-01
-3.555625168442947959e-01
-1.680306034527516923e+00
5.327728864762955041e-01
-5.767720673445178026e-01
1.009012734179783433e+00
5.243146279093563455e-01
-6.074991963637279557e-01
-2.256234271479289344e+00
7.643035692247033275e-01
6.585472985673523905e-01
7.069871468391750735e-01
6.544025430371933627e-01
-8.787439922985531560e-01
2.427361858337404033e-01
-8.427552874035592057e-01
5.725675548122992620e-01
-1.898090628962176632e-02
7.898967802141327876e-01
4.698769900301749125e-01
1.324935080019345568e+00
1.973272248058704159e+00
-8.605966172698650274e-01
2.063742101772879423e+00
1.087757707218876213e+00
-1.194108253722498958e+00
-4.763583691485789862e-02
-1.190984066370060379e+00
-8.311779311651652513e-01
-1.423768126822653857e+00
9.169785908353300652e-02
-2.383500982192806594e-01
1.023829481789447216e-01
7.691763471145640629e-01
2.211540535716591260e-01
3.677477035799580629e-01
1.474589809783712069e-01
-7.867928518315002728e-01
-1.222625737777454646e-01
-1.245558080601193024e-01
-4.500360363278792519e-01
5.933817855400528307e-01
-5.651406154300701000e-03
3.300057398024164312e-01
-1.947016387825915018e+00
-1.049739401217868906e+00
-1.569438912122156582e+00
2.002299044540326589e-01
6.908334334581407721e-02
-2.453334745992755916e+00
1.925926526344233780e+00
-3.581233415675914022e-01
-3.316608869763476575e-02
2.775471095773783710e-03
-1.222276083046278217e+00
-2.496122435543250528e+00
-1.375904379496525609e-01
-5.860084784782930711e-01
-3.147523109985944645e-01
3.046905726319709684e-01
1.195037552215598708e+00
5.662069451762059558e-01
2.088830276442363992e-02
-1.549636539897210286e+00
3.280446418757472227e-01
-1.062615121143828167e+00
-8.416803987632816286e-02
1.148311580360375173e+00
-2.734520268531636322e+00
3.043184393258701603e-01
-2.601115905748828672e-01
3.776766221108170951e-01
-1.413640368458140673e+00
9.785428945090127173e-02
-4.032958297004284563e-03
-1.036181848379847947e+00
1.696982705691656990e-01
-2.702804189505321822e-02
7.374954439698054864e-01
9.491828256650687301e-01
1.384047976875329988e-01
6.870374186758669843e-01
-7.943092371704155719e-01
-1.106033474010843370e-01
7.759032802852957600e-01
8.592036178009344605e-01
-6.392644237837974419e-02
1.412403641308388247e+00
2.181807293191493080e-01
-6.384099045998828936e-01
-4.453095099057837597e-02
9.754683430061723559e-01
-5.808243844955023327e-01
9.148176001963252979e-01
1.499427060071656603e+00
-1.800421311096523924e+00
-7.766307485145256262e-01
-1.391933314299841573e+00
8.316054703114521551e-01
-1.672015012970753112e-01
2.173896689372989965e-01
-1.649805288039036588e+00
6.606798036242600425e-01
3.192891480039938279e-01
-2.042952976715682656e+00
5.814154277265713988e-01
-1.286014513442134133e+00
1.575548229341971584e+00
-7.494442621173330599e-01
9.674444928239170904e-01
-3.052532853897849119e-01
1.085831638998191906e+00
-5.518665611825054329e-01
1.010644450361926738e+00
5.586864765510423103e-01
-9.552515973690801909e-02
1.489934508012143999e+00
1.049323344264618152e+00
1.204987817161962349e+00
1.336504006051451032e+00
1.143152636675147660e+00
-1.221220159436760877e+00
4.821027398073456927e-01
8.128611344860118271e-01
3.333338448968856116e-01
5.499373728806556949e-01
-5.039247342402949359e-01
9.563833420750268433e-01
4.251121245100438206e-01
-3.550191734487899708e-01
-1.336433057719491058e-01
-5.291541521881423238e-01
3.375314289334560014e-01
-9.280908401196032997e-01
-8.518696514979864909e-02
-4.812607687632802778e-01
1.986530461488373867e+00
-2.235259095554033237e+00
-1.885761609503140424e-01
-3.924222169223580137e-01
4.415334439646800280e-01
5.866444574603835865e-02
1.505528521528554098e+00
2.324528990623393465e-01
1.615212544651702053e+00
1.647531452910753869e+00
9.471064048318943440e-01
4.506762408475799009e-01
5.653554163772059882e-01
1.027102092404767048e-01
-8.596683493223489236e-01
-6.752554985317151814e-01
-7.955581869009981100e-01
-4.511262275410583555e-01
-1.489045349155945663e+00
-4.985911859627848997e-01
1.448921332574416576e+00
1.350884924430576950e+00
-1.218331030546478816e-01
-9.037683001284997630e-02
6.188573107380682670e-01
-1.855498459622529905e+00
-9.005569505012801512e-01
-2.498193614300356469e+00
9.996811959762661459e-01
-5.400409785806602886e-02
9.352321780880992197e-01
-8.372108218015293923e-01
-4.754901476569737828e-01
7.502258658139541181e-01
9.114286052852914599e-01
-9.483130621389471715e-01
-6.416442347312717454e-01
2.450575238666773126e-01
1.827522055914398980e+00
-3.779269024597753934e-01
-9.913487332926451678e-01
-2.569560679019373683e-01
1.701773591697112842e+00
5.291471368629356853e-01
1.304568177030066778e+00
-1.207976775589487684e+00
2.800474666119069367e-01
-2.567276627623895080e-01
-5.230882498288141891e-01
-1.245848891812833203e+00
-1.907192690793947154e+00
9.375110783774289747e-01
-1.916127251902436657e-01
6.607549714973010024e-01
-1.812247631100812217e+00
-1.039651749879837439e+00
-4.457516486443046100e-01
8.451634638197318417e-01
-4.785942493400950903e-01
2.365685351818462401e+00
-6.485562948905939651e-01
2.240901780608546001e-01
-8.986465711917049903e-01
7.485913680891340682e-01
2.117529103460930873e-01
-4.074856429512690448e-01
-1.057724768938708593e+00
4.043730336836816042e-01
1.205634285931943994e+00
1.170448467916471280e+00
9.772340597432686016e-01
-2.550498036863935170e-01
7.815849302181031577e-01
6.662213297400224610e-01
4.781840922975514330e-01
-1.957603049975964904e+00
-1.523484158191811266e+00
7.911133718585389163e-01
-4.697553289396912968e-01
-1.200294615031742174e+00
1.183984584319717870e+00
4.391555473863985593e-01
1.771552699566888878e+00
-4.894797504928670717e-01
-1.052258778071293172e-01
9.587484399572851479e-02
2.651802210282340200e-01
-1.101794061285972681e+00
6.581559964988413780e-01
-2.374451251124124473e-01
-3.041390404432430916e+00
1.434588587951203920e+00
1.510511470391001865e+00
-1.574765098206551139e-01
-1.165818472097521985e+00
-4.682373630969234868e-01
3.606136575774412933e-01
-3.490823543221697745e-01
1.471837863621782150e+00
1.012466475931054655e+00
4.911286126765257443e-01
-6.728503838929423830e-01
-4.799486413911937532e-01
-1.403408339723410503e+00
1.508610761805656120e+00
9.859351696797217235e-01
4.997293114698005967e-01
1.082614801348858125e+00
-8.506410910834930617e-01
-3.363405860502926004e-01
-8.242224767793669971e-01
-2.188735810442439811e-01
-9.604201046224937199e-01
-2.774957196423189498e-01
-1.347498657938516198e+00
-4.287301849051113334e-01
7.910519829844203654e-01
4.176871830785066630e-01
3.932743872381603834e-01
-8.140303051627330033e-01
-2.424006029454696121e-01
1.937824363653089521e-01
9.842888657314065315e-02
-1.347062476196231984e+00
4.826634906451306439e-01
5.255532106747030641e-01
1.111538982593787001e-01
1.009239084529409247e+00
-3.119679530869858830e-01
-7.988867240002931469e-01
9.285527472240345803e-02
3.593990471366855788e-01
-1.486320717472063291e-01
-1.977178135625889732e+00
-1.175722956641753365e-02
7.552473495455557240e-01
8.551773002160354409e-01
4.143605679031742151e-01
-8.489402800054927090e-01
3.074363889988823151e-01
-3.824755506943720573e-01
