-1.678050130289613362e+00
-2.413183777793503459e+00
5.492044368513180341e-01
-2.867928641340501406e-01
-1.296178811585261048e+00
-1.440259848809160248e+00
2.294481145370461661e-01
-2.852486839249290806e+00
-1.372704363127460248e+00
-7.891093278193184180e-02
-7.051923594357915048e-01
-7.663915753223711214e-01
-6.014724609367538832e-01
-1.959197731673512966e+00
-2.647913061597984008e-01
-2.565480858944770848e+00
6.352314205760345445e-01
8.774663884137545722e-02
6.997768145269021023e-01
7.724775442652649371e-01
4.094132604758327076e-04
-1.647775497568549019e+00
-2.487131063641045969e+00
4.457743412869584754e-01
-1.633450609888777549e+00
-5.882441695544744498e-01
-3.023755929860335034e-01
-1.178551308113306106e+00
1.563856366236704432e-02
-2.867834735736707330e+00
-1.501471838348695353e+00
-2.317633723711307159e+00
-1.839283796755000200e-01
1.134483591198734098e+00
-5.296863492698885567e-01
-6.781475053678941434e-01
-1.031467509261741355e+00
-1.667431252359354410e+00
-1.506816528075522799e+00
-1.007764665306174479e-01
-6.192199909293477633e-01
2.363161006102310058e-01
-7.105516399255742410e-01
-7.423566223827007260e-01
7.819570613151818339e-01
-3.333093134696691884e-01
-1.520851521079588986e+00
-2.280288007104235071e+00
-1.676119721996335854e-01
-5.386053589137441699e-01
-2.366641280861903063e-02
5.393275901866172450e-01
-1.240665099954753714e+00
-2.547663809938431889e+00
-6.078826811982741551e-01
1.182625725311023945e-01
-9.154984112389752404e-01
-6.770018552107939236e-01
-1.271836002553654810e+00
3.244588987775975930e-01
9.838115478582858398e-01
3.692078117789626690e-01
-1.332443775741864789e+00
6.706725995744602375e-01
8.641511396974137504e-01
-5.301790369180396922e-01
-4.703163659698768595e-01
-8.297790856159088513e-01
-1.573177078836681009e+00
-4.783593403698938040e-03
-8.295994905688582888e-01
-1.729387803088290321e+00
-6.036948088965060633e-01
-3.136681973524723666e-01
-2.236213049951816245e+00
8.088966110859718839e-02
3.625703878399699764e-02
-7.291594412575024275e-01
-9.363519277862906165e-01
-8.935469201051549071e-02
1.781293862345663115e-01
-8.992458345427704058e-01
-1.774084582425805356e+00
3.480093879364603016e-01
1.705361275639094565e+00
-1.506434497546462747e+00
-1.534705841709988805e+00
-4.139117635287399288e-01
-8.940392592043440168e-01
3.993447586586840181e-02
4.077437466859776816e-01
3.861738883784068266e-01
5.477011598089787103e-02
-4.593726885813934069e-01
-1.377697055399367487e+00
3.467327040604928357e-02
1.074711715343185992e+00
-1.074275857809922741e+00
-1.276157675281200277e+00
-1.476148765472903968e+00
-6.673035358102050729e-01
-2.041026214271113304e+00
-3.610163211255519311e-01
1.745118923540605049e-01
-4.629771858886007618e-01
-7.991120885895339754e-01
-1.053492507323008365e+00
-1.436373424071082372e-01
-1.136594008395139355e+00
-1.133115970175713749e-01
-1.104588159084344934e+00
-1.065705249310219038e+00
9.209434748258960024e-02
-2.028409150040978992e-01
-5.182646359311806616e-01
-1.214940353017516905e+00
1.119429431303299305e-01
-1.404554481803622634e+00
-7.166830140131089655e-01
1.887267843402062883e-01
-4.242119457092637269e+00
-1.330930026111832198e+00
3.009404738661325407e-01
5.110579647386945812e-01
3.954398861132969456e-01
1.089092766257547806e-01
-9.906189148052926274e-01
4.010343346073146353e-01
4.367244932265113011e-01
5.317383364113023037e-01
8.626213944185588955e-01
9.941782247386121707e-01
-2.985852168336585732e-01
1.981904273613495637e-01
1.210793778771060314e+00
4.423069540917753950e-01
1.364459037486127624e+00
2.244202737255966085e+00
1.368842880249760086e+00
6.958233520075389755e-01
-5.609731686827674757e-01
5.360193309714493815e-01
-3.502527427672041949e-01
2.640586742911093854e+00
6.335583590158790912e-01
-1.209446376331195783e+00
-2.745437172745301968e-01
3.163894763792295395e-01
4.656625738438452955e-01
-5.991805381411341447e-02
1.138127884769012943e-01
-1.097694391084244270e+00
2.819255193128805681e-01
1.647592354179935770e+00
-6.090197932357725996e-01
2.096454511411827148e+00
1.324386699739738882e+00
2.120810002869350175e+00
-1.256402636719461618e+00
9.035934254289171852e-01
1.024678252071204998e-01
5.452090628190492394e-01
-5.182642465648503727e-01
7.338432955425090443e-01
-3.695735017913497344e-01
-5.362049450943799922e-01
-1.306487474088183998e+00
5.010554951466887896e-01
2.090278234674691760e+00
1.297743410520985741e+00
2.931404003581701279e-01
-2.202381798417606396e-01
1.773177704019714307e+00
1.723933727016544903e+00
2.038714700702861649e+00
6.744308453050861241e-01
2.054515869374309744e+00
4.734367824383282630e-01
1.882305681889143045e+00
5.250786092594769139e-01
1.287137673864702236e+00
-4.015452256555912536e-01
-1.056657643792226597e+00
5.744862665617083142e-01
6.782479440213255995e-01
-2.034077960857467726e-01
6.987685798181239027e-01
5.257137830645236543e-01
-4.457662575598758670e-01
2.631084869947799998e+00
2.018284819897452120e+00
1.067587392783314049e-01
8.541761051818634876e-01
1.873531835593367001e+00
-1.372994986845455623e+00
8.075278262544416386e-01
-2.156100178045075033e-01
4.174839393135509336e-01
-4.955282786891327396e-01
-1.517394337131960924e+00
2.947823890579278405e+00
5.294401796282038886e-02
-9.957023687642461152e-01
-8.747824813299185376e-01
-2.748078893024796798e-01
9.325871568680558221e-01
2.118563363242615960e+00
4.728706549174282459e-01
-6.344372273774852022e-01
3.181464728066390801e+00
1.100256614420610290e+00
4.371358854713257580e-01
1.446247710222772431e+00
-2.023255399451272529e-01
3.628529053429789819e-01
3.712259571066497954e-01
1.094373283267087160e+00
1.353038376734134296e+00
1.078820937643968580e+00
-3.012384372214227390e-01
1.181861192362481106e-01
-1.473849670877560580e+00
2.298789116370453023e+00
1.731654584787832185e+00
-1.102379133980605719e+00
5.131889039447790068e-01
7.402681343801889025e-01
-1.179229668421449828e-01
2.254206257112795875e+00
1.732611398058192087e+00
-7.552096621616348759e-01
2.180321746149814999e+00
-1.361567762006222759e-01
6.087566396428131243e-01
3.131726126748131112e-01
1.186859492447669640e+00
-1.168216954759221826e+00
-1.618699588242888510e+00
-8.413207745212678557e-01
-9.172232647321745258e-01
-1.120182521220461469e+00
-3.586372230188195065e-02
1.164454386508309458e+00
2.006487838679667401e+00
-1.693964596761615482e+00
-6.953106731913563099e-01
1.519191993789048789e+00
-4.760609417517778219e-01
9.094277210444038362e-01
-1.952841714792280747e+00
-2.507581190933157345e+00
1.230839952893541867e+00
3.073523766233983157e-01
-2.325382393656248992e-01
-1.602917025000413220e+00
1.001696025031375559e+00
-1.456662976742385984e+00
1.859695377580969922e+00
-4.617406182879551513e-01
4.938613925561324836e-01
4.118287802040053736e-01
6.770928580819883802e-01
-1.147892922806678095e-01
5.204857434533307625e-01
-1.406041162790704346e+00
-1.837982528791965109e+00
1.124083391355282568e+00
1.058577932737987615e+00
1.496797681454723472e-01
2.788505307241508913e-01
-1.806146344455749952e+00
-1.791201548316719849e-01
-1.492753579244455064e+00
-8.454988293727443427e-01
6.037217598728445989e-01
-1.007958395150586828e+00
1.538513781860796348e-01
-5.132265302814084107e-01
-2.427298931688428030e-01
-2.361411771398846948e-02
-7.959568065935179737e-02
3.387654950855072400e-01
7.997347985874294629e-01
-2.256395208784516271e-01
-5.507463920315174288e-01
-6.230891472763950834e-01
-6.022372683884728017e-01
8.019592504016430645e-01
-1.840835752707373540e+00
-1.722445751988868512e+00
1.711859230173383706e-01
-9.489513473901725060e-01
-7.759548593675337225e-01
-8.537488019289094510e-01
-1.996924948568618019e-02
-5.806208427100315594e-01
-1.742645552868573033e-01
-7.814485880129591333e-01
1.069098180937658515e+00
6.262435734600251269e-01
-2.935135872887116304e-01
3.080179036064925047e-01
-2.191146669290637838e+00
-4.075015019780380832e-01
2.030728431498155517e-01
-8.577406327976346834e-01
-7.322103079924578983e-01
9.948175455795604805e-02
3.022033365885664624e-01
-7.803604843316713779e-01
2.205367485909525138e-01
-2.001054845512205915e+00
4.407229665321528156e-01
-9.360817079266139373e-01
-1.747268415359271021e+00
-1.041686947857261458e+00
-5.742724936889974652e-01
9.972697220876951540e-01
-1.934636517726459504e+00
2.117084997954279402e+00
-1.620239342608209787e+00
-1.312657389768470129e+00
-8.427874242627414469e-01
8.493945640372371209e-01
-1.245318616533502842e-01
-3.947740494857748805e-01
-1.070166753898774248e+00
-7.893178230871399359e-01
-7.691304175103017560e-01
6.838833212579309428e-02
-6.269542056663894858e-01
-1.066748591409916402e+00
-9.013800046837556756e-01
-1.756258646770036513e+00
-5.835678728569893003e-02
-1.015539346569884760e+00
-1.042552022634236852e+00
-1.820877571656090432e-01
8.953336206741668857e-02
-1.685478653494682177e+00
-6.850281570147414012e-01
-8.370767667596736850e-01
-2.826136022099433598e-01
-9.770345242222433502e-01
1.114809315184388305e+00
1.386833415520920987e+00
-3.742474916765097248e-01
-1.901503896363648138e+00
9.338016298705189566e-01
-1.256389542598644216e+00
1.737370437986530680e-01
-9.742377027833599712e-01
6.991291455742700833e-01
-2.787532615362891542e-01
4.980289897654480713e-01
6.564489453918238571e-01
-3.961015090595046972e-01
-1.335665894817450461e+00
-2.378479339037935958e+00
-9.233844660967431839e-01
2.474139220023152674e-03
-1.537050053405694117e+00
9.963384807003634602e-01
-6.970929040980623492e-01
1.428850439988671450e-01
2.115952226776122158e-01
-3.909129000613684735e-01
-4.545513544859353661e-01
-1.813709787851355948e+00
-2.163007181768430431e-01
-1.144438836948902694e+00
-1.414832232920466337e+00
5.383492839039571987e-02
-7.243941443006083336e-01
-4.670847912584986661e-01
5.195758570851212177e-01
3.790246781748126681e-01
1.676680550912106327e+00
1.200239999447760608e+00
7.286545239569117705e-01
-1.118267463993414035e+00
1.036186413953725349e+00
5.192891991316728184e-02
1.367506258955784260e+00
1.460161067986194494e+00
6.641369544094729571e-01
1.355079013615632100e+00
-1.060483425892576825e+00
1.837305999533072054e+00
-6.534328862567897467e-01
4.052720169285555230e-01
1.088305737344081647e+00
-3.995675473379985965e-01
7.600505926457932215e-01
1.265587367317865475e+00
2.345015369517271964e+00
7.488532685340669737e-01
5.709259987351559262e-01
2.084710986441488778e+00
1.796158335424826280e+00
-5.624676181916854478e-01
1.080282153260348377e+00
1.811331940371916360e+00
2.646989543259435917e-01
2.862951741400412420e+00
-6.007618922215760549e-01
-4.065958904674483732e-01
7.431451256676449013e-01
9.821421674001613589e-01
2.087269065503893906e-02
8.231198743199785728e-02
2.188157093447528290e+00
4.438560907512950626e-01
2.553178451388865566e-02
1.005812462785652395e-01
1.394306838960945871e-01
-8.070413767903834579e-01
-1.026948353127670188e-01
1.588567848790359616e+00
2.007415762986371366e+00
1.135655252859394393e+00
4.543131542538371148e-01
7.518643129351452181e-01
-5.726505133652086688e-01
3.876345242544160241e-02
-2.882955290634927614e-01
5.786181490497280810e-01
1.184370109660656034e+00
4.389685675904214657e-02
-7.745124524559756640e-01
8.049421090453369176e-01
-9.554636894782995160e-01
-1.620621406138547549e+00
1.685565104635233125e+00
-8.689317763109314363e-01
2.821690697362917444e-01
-1.670451220020591210e-01
8.796745392033783473e-01
-5.036283031168751201e-01
7.741824188225117087e-01
-2.076598415989274748e-01
-8.268383081547685531e-01
4.286380599060786167e-01
5.666055849839143344e-01
-1.256616171468614152e-01
7.591720334542918502e-01
1.257099355407544472e+00
-1.269896781013538645e+00
1.269647338772926126e+00
8.628716697728908702e-01
-5.554567266524097491e-01
-2.890287269754784116e+00
1.075551932728792681e-01
-1.570039984332564309e+00
2.403421375691497275e+00
-3.526096433456801238e-01
7.176614376970977816e-01
-1.073458049782369361e+00
5.116844219814056238e-01
1.415130410647166270e+00
8.320669865631034057e-01
1.288188360128588172e-01
2.281293039225006591e+00
5.658995052042437024e-01
1.982612377239109658e-01
-2.761764673672650883e-02
1.456803167269632215e+00
1.384063897757817685e+00
-5.363393627876400505e-02
1.833926667773222219e+00
-2.123604838253423388e-02
1.373038504686376671e+00
1.634811644175931056e+00
1.341947790774652205e+00
1.290469358272787748e+00
-1.145759863614396190e-01
8.348749100441319460e-01
2.073103064822372055e+00
2.413152313174554475e+00
-5.141396830214228775e-01
1.646711427281239426e-01
1.509643162267237715e+00
1.594264292840302799e-01
1.027592499945821469e+00
8.855103421996528557e-01
7.364808581671504761e-01
6.975159719939010294e-01
1.169852028773306074e+00
2.678757531041203732e-01
8.641642572953239787e-01
1.020068898350694475e-01
9.799199477236386624e-01
-1.536297923699115886e-01
1.575313081600925535e+00
1.050669504228614715e+00
-4.447110362595156907e-01
-2.060380939563823954e+00
-2.375325329541010388e-01
9.513845280003285776e-01
7.487054477074420733e-01
