1.379609125287758253e+00
9.527564249231086592e-04
9.257676868478631471e-02
-2.198518654384557180e+00
-1.307491795240767640e+00
3.767706699076878163e-01
2.685202388420280695e+00
-1.699510962392881686e+00
-1.648259584891680340e-01
5.776867584173808190e-01
-2.474057822161843667e-01
-8.881904710923937962e-01
-8.160504584325728450e-02
1.317515078361734815e-01
1.179628272908444853e+00
-1.093554628867673628e+00
-6.878357609648522164e-01
2.239947415814263820e+00
-2.687108109650195864e-01
-3.273146342570230072e-01
-1.119088251092893227e+00
-1.407777539440084776e-02
-1.057582836968679718e+00
1.011915606338503970e+00
1.191221830988468566e+00
3.158422968640990924e-01
1.563572121947134574e+00
-1.126090043368583454e-02
5.949441742317831405e-01
1.062359625559055942e+00
1.367578192745261711e+00
-1.661062686657996945e+00
-1.092769960989271816e+00
1.411504908993455709e+00
-1.732194030409674124e+00
1.085906766011703606e-01
5.337589865912362175e-01
6.889580637450366529e-01
9.615225048120187301e-01
5.366697488420071015e-03
-1.892652035466650284e+00
7.603488422005731662e-02
-1.171246266715222584e+00
2.123864766150483085e-01
-6.609576081817127025e-02
-1.189289945497343570e+00
-2.186215461179588093e-01
7.962772942162794632e-01
1.516484852663703697e-01
6.157037651202305062e-01
1.301156032771119575e+00
-5.058307953382494837e-01
3.254290020175963916e-01
-6.132645582242209903e-01
-3.743826598551737161e-01
6.775388569984602816e-01
-1.286458740704155446e+00
-8.781807497987820232e-01
4.206582433017498346e-01
-8.437792859509218868e-01
4.968487861088675128e-01
-3.412098075105242656e-01
1.675396526535859687e+00
2.527419395742793728e+00
-6.312879182925301702e-01
6.278262743258027356e-01
-4.982282893942361901e-01
1.010592998554442845e+00
-1.307883943311886510e+00
-5.949651582489885460e-01
-6.063324604100562842e-01
-9.266483368810541910e-01
-3.746573155174677816e-01
1.287296898867288819e+00
6.812660894209471123e-03
1.457250995398240656e+00
4.605206324035773791e-01
3.307619803935235026e-01
-1.905401024402564036e-01
-6.875972779318131334e-01
-1.504357409542917079e+00
-7.735120731751320144e-02
1.777454237141611770e+00
1.014758055937567738e+00
-8.674171999592415749e-02
-1.633384530897951659e-01
-3.205837624375143524e-01
1.492357685403049583e+00
-1.846792477117223108e-01
-8.861748775955454738e-01
-5.275556677689898777e-01
6.858188339386847021e-01
2.272799411944383396e-01
1.065857024894329319e+00
-2.630859371606792507e+00
1.722390595911381939e-01
1.015571466002294365e-01
7.325510276106217411e-01
1.040580629203134100e+00
7.931533838028161920e-01
6.426497419762761121e-01
1.547659579055280954e+00
-3.468962988233234568e-01
2.173439339675731219e+00
-3.083243507672232542e-01
-2.169447697757489024e+00
3.108060551317378684e-01
-2.505253361206881135e-01
-1.355881122330433675e+00
-4.182386214169374616e-01
5.591963288525628739e-01
1.452034126620664667e+00
1.021741992570784074e-01
-9.402536457490161537e-01
-6.470227937810013596e-01
9.901848839517214396e-01
-1.446708697879043326e+00
4.168627120808201525e-01
-7.745560776636472022e-01
-8.950616682609708885e-01
2.618399340071651538e-01
-1.834058705848361059e+00
1.392794976641169302e-01
-1.232945508698245485e+00
4.813368528181294348e-01
3.988740772798283207e-01
-2.355727840873881873e-01
-5.363549869867431097e-01
-1.297533701254583560e+00
1.446419237171115424e-01
-1.627961494102859730e+00
1.537092226114568083e-01
-2.869344410375041995e-02
2.388091210329555736e+00
-2.283257502190105259e-01
-2.412729540221734970e-01
2.655857747385954148e+00
-5.829592320701889596e-01
7.004034413027928618e-01
-7.764531445392797160e-01
1.362887337116671427e+00
1.283747454536021682e+00
4.810406847401479391e-01
-1.965072951620006503e+00
-2.351413733953574559e-01
-5.298801939761089708e-01
7.198812498326842002e-01
6.031634174192469500e-01
5.067085506383726123e-01
-1.222393878514358850e-01
-3.347341753255701491e-01
7.869022667946293792e-01
-3.433832756620825988e-01
-1.921651410249190173e+00
-1.011169519571410769e+00
3.297832868098228842e-01
6.735398724600540898e-01
3.114958839742242858e-01
2.545889416426168617e-01
1.013421286369230234e+00
-5.978869535696004212e-01
-8.673221391503799227e-01
1.005618922495585155e+00
-1.674660622315354008e-01
-5.701305128852001136e-01
1.254849923405935153e-01
-3.451127049843381589e-01
-2.434273024550357989e-01
-8.099966914337420887e-01
5.424870851998915278e-01
-7.947433832137122955e-01
5.938151932045154791e-01
-5.149970535787529169e-01
6.107352174736495609e-01
3.298212240260739447e-01
-2.947111747794932124e-01
1.486009404932432387e+00
-1.590170161592025178e+00
8.926235083817174454e-01
-2.228267963854124289e+00
2.163011167952085256e-01
1.492703066198168393e+00
1.552182612456773692e+00
-1.240932840102120016e+00
-5.178384234009210108e-01
-2.314071269507643469e-02
-6.087808917351594795e-01
-5.379473293898652253e-01
2.479213647269244980e+00
-6.990123872645529479e-01
9.671979682081918162e-01
6.766744412244926066e-01
-1.281782714601723994e+00
-5.617376389900553546e-01
-7.000486481342852452e-01
-2.273192361542104301e-01
-1.135505946593569349e-01
1.513703478176090800e-01
-5.975985066414751107e-02
-2.062756638043055923e-01
-1.097130556594865025e+00
5.956337000885206789e-01
-1.162143474322517300e-01
-1.510479538043249637e+00
-1.038137802992013414e+00
-1.903241594333001663e+00
-7.472440247690280424e-02
1.120804683216190423e+00
4.459410761900825526e-01
-3.843469002006388163e-02
3.122921290270094241e-01
-3.275751017986952562e-02
-2.281117671505530353e+00
1.944084979740389185e+00
2.049858917827592497e-01
2.245765283502591803e-01
-6.251487211595350146e-01
-6.538018518110333410e-01
-3.382439358029387222e+00
-8.964796429998540539e-01
-2.292937839542754930e-01
-4.942269078679547567e-01
1.902843707593461664e+00
8.302321604949206568e-01
2.742700487489717065e-01
-4.703577086902652193e-01
7.756349682432710224e-02
-8.415523891516243360e-01
-1.964832750304439657e-01
-1.812061026594145474e+00
1.128123825738719943e-01
-1.009017359787370394e+00
-1.221517150306502320e+00
-3.561838068555301939e-01
2.391874464498210673e-01
1.308993215868309301e+00
-4.157225353562612469e-01
2.502832106025654202e-01
-7.802727677212978330e-01
6.378524829176282496e-02
-1.565057294337535588e-03
-1.333804366668185803e+00
2.647351051522390253e-01
2.111005191411383652e+00
1.763391337471229281e-01
4.648311149551400678e-01
1.167941476654441368e+00
-1.693424150108397086e+00
-2.933091427571781207e-01
-1.059841623152586232e+00
-1.409733193295631126e-01
9.681330291917444875e-02
2.079188811040283191e+00
7.447490628447126504e-01
6.353736131474645443e-01
2.597937229342764387e-01
1.804983633405722099e+00
-2.826165229094596554e-01
1.210357115892334967e+00
3.612654531229337329e-01
2.956561552897750134e-01
-9.145459817940834180e-01
1.628403398512438427e+00
-6.880363749148297181e-01
-3.917257400847687920e-01
1.628775256903802537e+00
-4.786841281409198734e-01
-8.761575336997436125e-02
-1.377905259756783130e+00
1.057350058811808324e+00
-7.861577181333827546e-01
-3.031247413452827222e-01
-1.158108733898971093e-01
-1.378738068752340729e+00
-8.497560338776327660e-01
-2.201462048942147476e+00
-1.007114963200913094e+00
2.469755492025393628e-01
2.281179829079793553e-01
-4.717608046343967076e-02
7.245049552132887261e-01
-7.211139873980926263e-01
-1.785008476176768388e+00
9.094849725917928396e-01
3.755354174326758776e-01
-1.474738232083229406e+00
-7.308954934002294124e-01
2.345901509172354793e-01
3.966145062945881650e-01
-1.236942469867319483e+00
3.429486152142159350e-01
9.578815926278476667e-01
-6.863391076563538640e-01
1.111067239348765501e+00
-1.228709410760851384e+00
-9.629681999146391114e-01
-8.533860507373823845e-01
-1.213885967665431220e+00
2.721094484593594931e+00
-6.585153042750354624e-01
-1.161016386539432732e+00
-7.007671630631183701e-01
-4.362768786697442391e-01
1.605952081915592133e+00
-4.886351758705610449e-01
3.644835721349858337e-01
7.594089850541576592e-01
-5.035858471772787226e-01
-9.653022529894607073e-01
-6.638287813830029416e-01
3.940808265320518422e-01
-2.604223870275424943e-02
5.217710377506741548e-02
9.803855071488360995e-01
3.395344987084913391e-01
-5.866365383628392716e-02
8.660233914095388785e-01
6.760163311606931513e-01
-3.637008536648255186e-01
1.708967388602731674e+00
-5.025386744203873268e-02
4.675834487555666774e-01
1.827007608279976603e-01
9.229899197745802253e-01
8.318868360461130207e-01
-6.365214472468567752e-01
6.351673645552126102e-01
6.659724409321944316e-01
-1.633089830467581161e+00
6.363248270347442448e-01
-9.831431812347631860e-01
2.175498385733716789e-01
1.359391580231280816e+00
5.242650819391648787e-01
5.924970938416842525e-01
1.203737198044006806e+00
-1.252604266785657117e-01
8.393531027689173085e-03
6.905517101700683336e-01
5.958976235213888639e-01
1.724053757148416022e+00
-6.241503595526634030e-01
1.246630749042513253e+00
-7.346638291249109332e-02
-1.355586843026776123e+00
2.191436664831778014e+00
9.881597207135874861e-01
-9.905607330575310066e-01
5.768533141915112017e-01
8.746469597720004652e-01
2.283408742193296925e-01
2.545891661202653866e-01
1.820835736561239593e-01
1.033021996320736546e+00
5.396550986971915265e-01
-6.158022016913939911e-01
-2.270397229842464615e-01
8.809922793368976102e-01
-1.217007028936012647e+00
-3.176364667405934261e-01
-1.292786403263942230e+00
3.686809863237850982e-01
-1.148339064344673810e+00
-1.045773883883607924e+00
1.890591538072690647e-01
-5.748928029515607552e-01
1.173271146169949208e+00
1.332769604909788796e+00
-5.737400578458348166e-01
3.404005257926205341e-01
2.175119656742000362e+00
1.044984372605365364e+00
-1.599769856057821904e-01
2.201421187029953541e-01
-6.367556720738746234e-01
1.303683997332446554e-01
3.906410691118060718e-01
1.725688166452871153e-01
4.839955782632447689e-02
7.987718176944768045e-01
-3.440402481476902419e-01
-1.151505185010805343e+00
-1.023768522440774209e+00
1.512423188128295126e-01
7.390064881809444985e-01
-9.433770753248067464e-01
-4.225155408984152539e-01
-2.860151685133139665e+00
9.887903310257714629e-02
-9.979401094796901406e-01
9.762724236151598678e-01
-4.370341267396503637e-01
5.657556158540635316e-01
-1.963227636251358543e+00
-7.807725822619767664e-01
-1.181531857184568324e+00
-2.572989128118675084e-01
5.396193607061610109e-01
7.200617061351262393e-02
7.584772708062130775e-01
-7.867774811034211613e-01
1.907617844839781807e-01
9.235049710577899473e-01
-1.852645563266939188e+00
4.339228668240978637e-01
5.129886381283170760e-01
7.849843193698907706e-01
1.226799866567569314e-01
9.090263669306303251e-02
-1.158083106135511686e+00
3.630831491310557158e-01
3.943932971212228966e-01
1.982758431251865128e+00
8.993142011789684309e-01
-3.428549360023217668e-02
-5.707163360184140943e-01
6.325456862734540886e-01
7.626739038247927205e-01
-1.091532247958179713e+00
-1.173076454286194448e+00
6.979990631974317683e-01
-3.601363324567617430e-01
-1.062125656635260151e+00
-6.921027277018354518e-01
-1.608726185972830125e+00
8.584620733947245785e-02
-6.526274125886312172e-01
2.177516451891134963e-01
-6.148428835791880376e-01
-6.255368375242803536e-01
1.027069977453382021e-01
-1.172658276473211858e+00
2.734860229741022941e-01
-1.007549973087308759e+00
1.298353682583166212e-02
-5.235841318249335741e-01
1.902431268830920008e-01
-1.577936058141041542e+00
1.733465644069155931e-01
-2.097370166356600230e+00
4.567571355491692464e-01
-6.123105868232602278e-01
-4.831856602209663176e-01
-2.584218255602351189e+00
-2.203305247802752331e-01
-1.492001366094183545e+00
-6.740725756133767455e-01
-3.842393590321102059e-01
9.330531256362671610e-02
1.003971658959174729e+00
-5.335273376171589810e-01
1.439588752539982863e+00
-6.756709728033221118e-01
-1.012682879489985144e+00
6.113317055750077111e-01
-1.723385372635335866e+00
1.507176062911042447e+00
-1.117455530071072012e+00
-3.076808540794934710e-01
1.084253662096463344e+00
3.816898736855303675e-01
3.290078220190121305e-01
9.243461618917442335e-01
-5.420897834282258909e-01
-8.879281698286733970e-01
6.611201066695360229e-01
1.151840960836423289e+00
8.078345241009060596e-01
9.774555798759273495e-01
-6.686473504691978764e-01
-5.216342753419044298e-01
-7.951284055205527501e-01
-1.302359166910839416e+00
1.482530152736820650e-01
-1.009425473437001841e+00
1.164065768139469631e-02
-3.860985765404292835e-01
-2.848852464952049135e-01
-1.674253208100514312e-01
-5.763241934861030868e-01
6.307855163676419075e-01
1.943872575339548048e+00
-8.095636188725903182e-01
1.247250207317281978e+00
-7.651245751329516231e-01
6.116606248498240861e-01
-9.341068393776993384e-01
-1.639594236399397387e+00
-2.824813218644461332e-01
3.236533270393342043e+00
-4.436030950354583613e-01
2.580130101945020904e+00
1.084650065178226708e+00
1.174426533091203151e+00
-1.241805572124464518e+00
-2.344391886324560456e-02
-6.010177855116223267e-01
1.805106744150106968e+00
1.629781511920592729e+00
-5.898736820320312768e-01
