1.937676199285841117e+00
5.153488308663126682e-01
-8.851636343148601149e-01
-9.337058026880680206e-01
-1.726445579135807762e+00
-1.718430629992202113e-02
-4.987257397924469565e-02
2.095745145450672309e-01
1.112099339969607970e+00
9.628533197587597625e-01
-9.959652024806265880e-01
1.299212633279576368e+00
-2.678471545612882143e-01
-1.217196040456821060e-01
-2.540953866335939892e-01
1.567911635452527153e-01
-4.315942641350587611e-02
8.921658728372157399e-02
-3.451653719499221951e-01
1.208975596047669604e-01
-1.047777899786742184e+00
-1.196487245378890618e+00
-4.685736295294260501e-01
-5.466831220677096370e-01
1.603376264146592067e-01
1.223913820255126073e+00
3.697199122715843167e+00
9.594639779233621324e-01
-1.368090497074377243e+00
5.133944242847617856e-01
4.995293307688458695e-01
-1.423494453267082349e+00
-4.194598662610993789e-01
1.229338989037226382e-02
3.944818776258016135e-01
6.500845785353979167e-01
8.028915213193730249e-01
4.604037749991338746e-01
3.976240426002921047e-01
2.132953981211900274e+00
-8.820956530488957004e-01
-3.368324810628799404e-01
-1.902521680657047964e+00
-4.899471965339886603e-01
-1.118603863121910846e+00
7.062497751141256774e-01
-3.186082426680371393e-02
-2.921644959274612985e-01
5.568318660728446834e-02
-1.270506774178388650e-02
-4.288848562585515500e-01
2.235341052727517763e-01
6.687940993925121091e-01
-1.979903652200497577e-01
2.135212331867387958e-02
-7.177937020055022987e-01
-5.562327417879938674e-01
-1.425696745102142726e+00
8.397423226875275759e-01
-4.839795924686393080e-01
-9.168012259293777388e-01
2.439051634442894745e+00
-1.988813602976131634e-01
1.424980995683557072e+00
7.486326193863659384e-01
1.514074725443548708e+00
-8.968594217187272344e-01
-1.129050862008190270e+00
1.662673316968607540e-01
-7.095888498811182832e-02
1.836544404707646239e+00
-5.590423780037249157e-01
6.684454229721157326e-01
-2.373347404909049996e-01
9.750242401352572363e-01
1.573863610827034965e+00
6.633649608761480465e-01
-2.266724964725224667e-01
-1.401963490094947640e-01
-3.489372064020864750e-01
3.944396675282488829e-01
-1.816397237625325956e-01
2.426938783889584228e-01
-1.457448076786182871e-02
-5.864222797296562151e-01
-4.596802804646261120e-01
5.351957085751807286e-01
-1.937477038525742712e+00
-1.394814680353843706e+00
-1.204999137701772360e+00
-8.851553470349661501e-02
5.974983387201293628e-01
-1.033987100023200378e+00
-1.305012558355507224e-01
8.027063138291934408e-01
9.326943040726561884e-01
1.319017120047975222e+00
1.017329493172328236e+00
-1.368738552102331418e+00
-6.369328428826933619e-01
8.108904071717789597e-01
-1.145095460061701792e-01
-1.039371363169726337e+00
-3.846631067693160877e-01
8.861475345559669536e-01
6.211176977155926648e-01
-1.695485219021484857e+00
-1.591677407132774169e+00
-1.273850886752879941e+00
1.541428261657242782e+00
-1.474218296001434503e+00
6.310073894259327076e-01
1.995463112142266127e+00
-1.423197751335439354e-01
1.200658917412463556e+00
-3.786877141336272845e-01
3.347787301401111693e-01
-1.364434574243927001e+00
-1.677276995966416884e+00
2.988773604697436692e-01
6.200196430930962621e-03
4.991857310106414397e-02
-5.349884580842224624e-01
-9.509772970131876724e-01
1.505057467939376926e-02
2.444919801397464343e-01
-1.563098844015509692e-01
6.602052472221694446e-01
2.619920435715092921e-01
1.955553574799246408e-01
-3.801087174914213884e-01
5.620086442136607019e-01
-8.151755937383998729e-01
-2.782591409098117974e-01
1.299044392200766618e+00
3.296502230310426329e-01
-3.528360954356488666e-01
4.132524154805384820e-01
6.154495329177888108e-01
7.898360505590412695e-01
2.784067110309607074e-01
6.786071623375080630e-01
-1.855380619849721913e-01
-6.131076897503392464e-01
1.051718097267585923e-02
-2.191197858014076183e-01
-1.832980739207385745e-01
-1.630726551573655203e-01
7.042274374772555801e-01
1.120479312138001005e+00
2.444617504182039769e-01
-2.571179131332012591e-01
-7.170468119163027065e-01
9.699556994435363233e-01
2.369048527094608225e+00
2.308276903261572865e+00
3.868917626743037519e-01
4.878301471496148123e-01
-1.508512501359080327e+00
1.683750367589911034e+00
-6.046546474650995595e-01
-6.183569282571712566e-01
-1.094256151695309542e+00
1.157171093523116534e+00
-4.209742135181839262e-01
-1.211243571634436744e+00
6.436548867166977939e-01
2.712426646355179938e-01
3.379176660094398987e-01
2.048452790331382334e-01
-3.099827726041759143e-03
1.842701898169530894e-01
-9.275573869208350031e-01
-2.431349042532110205e-01
-7.043480175798324527e-01
-7.882560873984993943e-01
1.335888459405029094e-01
5.168005439411889057e-01
-1.075047043662213042e+00
-1.419181870856403460e+00
-4.312861382703766511e-01
-5.407176021130154497e-01
-7.101533923662852743e-01
4.068777925149739128e-01
6.179289740116900020e-01
8.469383296079047163e-01
4.446425543816645565e-01
-9.597216903996725890e-01
-8.737499240128064892e-01
-1.381303490303608994e+00
5.085147701330144931e-01
-2.272564668212321004e-01
-5.072788385084713303e-01
-5.970764777005076462e-01
-9.224005661595919836e-01
-1.747702187300798515e+00
-4.463232594499603745e-01
9.085486919354633928e-01
-1.093913312492647671e+00
1.013126034058066338e+00
1.682731066463452718e+00
-8.074138513013789931e-01
-1.825558151654971262e-01
-1.144350706343752466e-01
2.822168346685936413e+00
-1.814950557365252903e+00
-1.210123828288439812e-01
5.408628659082911905e-02
-2.854936544381538877e+00
1.236235010987302152e+00
6.650552758667384046e-01
1.169526216615427577e-01
-2.488357659346420725e-01
4.417401367359772429e-02
3.911740684486660347e-01
-1.426771079703957668e+00
-7.375713510385168981e-01
3.389606626003525136e-01
1.637155592939444973e-02
1.054470429831391165e-01
6.198877895823399209e-01
9.807376308961323064e-01
1.434839388531686133e+00
9.418946761158486503e-01
4.101531981106629199e-02
-1.560434477767681072e+00
1.611825122453852899e+00
5.349178061019524977e-01
-4.410854932901365766e-01
-1.935259863908336819e-02
1.207859309700405059e-01
1.310027673396425563e+00
2.060579509876195869e-01
1.813679284220060417e+00
4.421635966330650369e-01
-7.287110685354124540e-01
1.954541031827191147e-02
-1.562635503865156705e+00
-6.655178593297705891e-01
-2.894356172121143600e-01
-3.828141112517980393e-01
3.630088156433559643e-01
1.074709317907635908e+00
-2.084736073386256106e+00
9.484030704949041046e-02
9.118620218029576119e-01
-1.001708571988189744e+00
-1.020343154670996511e-01
4.623520465677776609e-02
4.987667511402926745e-02
8.807437173099195160e-01
3.636022129812017112e-01
-2.120225571911819595e-01
-7.208085111358893959e-01
-5.740954722935582843e-01
3.569326269639275795e-01
8.613416929845042480e-01
1.734082055245460774e+00
1.238540376460961268e+00
1.723101335883400198e-01
-1.039471873679606473e+00
-6.368551504779008665e-01
-1.014869753765649696e+00
-1.171313211507939656e+00
5.211341942122141857e-01
-1.114630466258661190e-01
-6.129548921090941654e-02
-1.294283141824360994e+00
8.546622170823644504e-01
-1.234606075104679013e+00
-1.571153732763569399e+00
8.134018282144935830e-01
-3.569514249539844086e-01
-1.210784398582299026e+00
-9.720312657990300975e-01
3.842783962882946880e-01
1.202520763325140241e+00
-9.102790510664243717e-01
4.054249629668368327e-01
8.331577830221923442e-01
-1.613854664419499541e+00
8.170962287553686920e-01
6.859049821179310502e-01
-6.767889446389954156e-01
5.188030768393814274e-01
-8.758660894769728644e-01
-1.244260493925699596e+00
-1.271021936998532054e+00
7.960869892811357484e-01
-1.398646545659965712e+00
-4.043250083626818148e-01
-7.132131495126055321e-02
-2.070764943634743727e+00
6.213429986184374476e-01
2.082174304926629957e-02
-2.613086097696970533e-01
5.556007471015073085e-01
6.314672195174017011e-01
-9.035817742252409968e-01
5.023372370874675807e-01
1.265797076899601636e+00
-6.206781014783114836e-01
-1.868121615719531503e+00
1.900334398489621490e+00
6.093739369126238703e-01
-2.345349484015135100e-01
1.532748051876561712e+00
5.478033222545820591e-01
1.931726378060132365e-01
-9.757085077955355290e-01
5.083436924091936371e-01
-2.164787259999965574e+00
6.580486270529514736e-02
1.199199715399026367e+00
1.208703726348625773e+00
4.225986269532313044e-01
-4.750331484809264815e-01
1.516067263829846690e+00
-1.027918362498901672e+00
1.935239527510163315e-01
-2.157817352709449299e+00
1.142138500949498647e+00
-1.162357343591100989e+00
-4.320906886685421666e-01
6.594205484625427216e-01
2.153039742825072711e+00
-2.467361132764620546e-01
-8.517665687585065371e-01
1.963956068182153958e+00
-1.553691925277602137e-01
2.023677476097822947e-01
2.077974508534362608e-01
8.166257704465010869e-01
2.565901535645488327e-02
-1.964514584801503538e+00
2.526141320436647852e-01
1.585909169614885483e+00
-1.251879709313461209e-01
1.550100062760704667e+00
1.878958040245947592e+00
6.229931837979204579e-01
-1.939039657597611266e-01
1.204825280623458061e+00
1.393988998351594510e+00
-1.371793825168411640e+00
1.545452590157732342e-01
-1.325094850476159491e+00
-1.156463918829601922e-01
4.765406306367148126e-01
-7.371553344781147654e-01
-8.351866982486401136e-01
-2.275343870420656334e+00
-9.931770181019025090e-01
-1.434884413955806126e+00
4.513264985263808482e-01
1.066968873380961913e+00
9.945168581162496801e-01
3.599799296283957145e-02
3.126901077036331467e-01
-3.725309828593167394e-01
-3.113252590927948038e+00
-4.528224070544494689e-02
-3.800704512489033737e-01
6.618704555704155723e-01
-3.976493435699772760e-01
2.378815311838998525e+00
-5.438863147424111144e-01
-3.192150734463578554e-01
-8.231480454926584645e-02
3.652765026426650352e-01
-3.299748752283074849e-01
-3.522736455478786000e-01
-2.888306421604847074e-01
1.114402678016610748e+00
-2.083605715010885984e+00
1.547709333783598096e+00
8.152708090733576940e-01
-1.387389436944112209e+00
1.380825998974282598e+00
1.323985446515024922e+00
2.265542085622111179e-01
1.250866043010790740e+00
-6.475459514191856947e-01
9.212862283139934272e-01
6.409010431272298414e-01
-2.561004816074432533e+00
-1.631792881631293976e-02
-1.339024107472473357e+00
-1.292376207431636725e+00
1.631502158956638082e+00
-2.492821917449166147e+00
1.274330783854484395e+00
4.848082345487694234e-01
-4.045584594681250756e-01
6.734797055761382323e-01
-1.530648368736542975e-01
-4.389372040727775870e-01
9.864188169805457318e-02
6.356713414958344854e-01
-9.053528278106122151e-01
4.999987476191936620e-01
8.419897691772127990e-01
-2.190611682184165354e-01
-1.341104389337017588e+00
-4.392748830453312991e-01
-1.706568861923867919e+00
-5.631399254553171030e-01
-9.457021072953174512e-01
-1.338164276176763590e+00
1.684378857320560641e-01
1.855534120377883678e+00
-1.146205894284335169e+00
-3.437877991880425865e-01
1.349259820751824934e+00
-5.336838489995837653e-01
4.643408269731809646e-01
-8.457195584269125987e-01
2.214158670848239918e+00
-2.478452086068050786e+00
-6.852864726065732714e-01
7.111837323670380240e-01
4.789870883392816636e-01
-9.605919835767120496e-01
1.000613058937999789e+00
1.374641495315266138e+00
5.661664787505259477e-01
1.066814386577874973e+00
4.920669432577258751e-01
-1.645507158008140625e+00
5.135772669860932949e-01
9.205938883344253476e-01
4.173265388296714673e-01
-8.234114888778172325e-01
-4.441611413041927636e-01
4.980930305835327698e-01
1.028753076311409220e+00
-2.226863719052209589e+00
5.856629963465749267e-01
-2.282231608913146026e+00
-1.098679175253810980e+00
-6.714083227863461290e-02
-5.754501204111787116e-01
4.128520506457397654e-02
2.664251183718581092e-02
3.566394351297664800e-01
3.878639039369010111e-01
1.294083534446499151e+00
-1.079379500783769208e+00
-2.251981124047016114e-01
5.171056807241188880e-01
1.729926938634398281e+00
-1.841206363578635208e-01
-1.961729424373966468e+00
-1.308110186405651021e+00
1.624074363250077591e+00
-3.949951223028989045e-01
4.011179479650014423e-01
2.817462340733983481e-02
-9.784646668360750255e-01
1.392689954015500220e+00
8.066789117566721679e-01
2.064217923579678704e-01
-2.077693288641484060e+00
7.080042525390145558e-01
5.811009525728921821e-02
2.231734776762607897e+00
1.045805626043354142e+00
2.329387725634792239e-01
3.730460849575933935e-01
-1.488054463448827081e+00
-3.697987590892166110e-01
-4.509485251629838931e-01
2.826757432998117103e-01
-7.086611109373993633e-01
1.965424926620360502e-01
1.395244287635811542e+00
-2.165307094512418096e-01
8.950552703722838288e-01
-5.706731552641651772e-01
8.738414924325792199e-02
-1.330840151102346880e+00
-1.631268152570847896e+00
-1.808490012390990387e+00
9.112323121942310644e-01
1.564600818461501452e+00
-1.209660681937460014e+00
-1.227915242340464230e+00
2.537037058518636368e-01
-1.187736980950600263e-01
2.078068281667541761e+00
4.244525927349104277e-01
-2.858095801340616582e-01
-1.122182270451134167e+00
-5.894877258701957112e-01
-1.111370121189459326e+00
-7.516516177187684833e-02
-2.317340893125409362e+00
-2.690806249156714181e-01
-3.850778879419087808e-01
-6.644363924114904396e-01
